#  Dijet Resonance Cross Section for sqrt{s}=13 TeV, |eta|<2.5, |delta eta|<1.3
#   (GeV)    (pb)        (pb)        (pb)        (pb)
   Mass    Axigluon    E6Diquark      Z'          W'
   300.0   0.1344E+05 0.1983E+04   0.3236E+03 0.5169E+03
   350.0   0.8205E+04 0.1295E+04   0.2015E+03 0.3166E+03
   400.0   0.5191E+04 0.8898E+03   0.1308E+03 0.2064E+03
   450.0   0.3414E+04 0.6356E+03   0.8816E+02 0.1408E+03
   500.0   0.2332E+04 0.4682E+03   0.6152E+02 0.9947E+02
   550.0   0.1644E+04 0.3536E+03   0.4417E+02 0.7224E+02
   600.0   0.1190E+04 0.2726E+03   0.3247E+02 0.5365E+02
   650.0   0.8804E+03 0.2139E+03   0.2435E+02 0.4061E+02
   700.0   0.6633E+03 0.1704E+03   0.1856E+02 0.3122E+02
   750.0   0.5078E+03 0.1375E+03   0.1436E+02 0.2434E+02
   800.0   0.3941E+03 0.1123E+03   0.1124E+02 0.1921E+02
   850.0   0.3095E+03 0.9264E+02   0.8904E+01 0.1531E+02
   900.0   0.2457E+03 0.7714E+02   0.7122E+01 0.1233E+02
   950.0   0.1969E+03 0.6476E+02   0.5748E+01 0.1001E+02
   1000.0  0.1592E+03 0.5477E+02   0.4675E+01 0.8193E+01
